4
0
0.04964539
0.09929078
0.14893617
0.19858156
0.24822695
0.29787234
0.35106383
0.404255319
0.457446809
0.517730496
0.578014184
0.638297872
0.69858156
0.758865248
0.819148936
0.868794326
0.918439716
0.968085106
0.982269504
0.996453901
1.010638298
0.953900709
0.897163121
0.840425532
0.808510638
0.776595745
0.744680851
0.744680851
0.744680851
0.744680851
0.74822695
0.75177305
0.755319149
0.765957447
0.776595745
0.787234043
0.804964539
0.822695035
0.840425532
0.836879433
0.833333333
0.829787234
0.826241135
0.822695035
0.819148936