3
0
0.031914894
0.063829787
0.095744681
0.127659574
0.159574468
0.191489362
0.226950355
0.262411348
0.29787234
0.340425532
0.382978723
0.425531915
0.468085106
0.510638298
0.553191489
0.595744681
0.638297872
0.680851064
0.726950355
0.773049645
0.819148936
0.865248227
0.911347518
0.957446809
1.003546099
1.04964539
1.095744681
1.131205674
1.166666667
1.20212766
1.234042553
1.265957447
1.29787234
1.322695035
1.34751773
1.372340426
1.375886525
1.379432624
1.382978723
1.361702128
1.340425532
1.319148936
1.287234043
1.255319149
1.223404255