2
0
0.007092199
0.014184397
0.021276596
0.024822695
0.028368794
0.031914894
0.04964539
0.067375887
0.085106383
0.106382979
0.127659574
0.14893617
0.173758865
0.19858156
0.223404255
0.255319149
0.287234043
0.319148936
0.34751773
0.375886525
0.404255319
0.393617021
0.382978723
0.372340426
0.372340426
0.372340426
0.372340426
0.390070922
0.407801418
0.425531915
0.446808511
0.468085106
0.489361702
0.514184397
0.539007092
0.563829787
0.592198582
0.620567376
0.64893617
0.677304965
0.705673759
0.734042553
0.755319149
0.776595745
0.79787234