0
0.010000 
0.020282 
0.030133 
0.039564 
0.048584 
0.057203 
0.065430 
0.073276 
0.080749 
0.087861 
0.094620 
0.101036 
0.107119 
0.112879 
0.118325 
0.123468 
0.128316 
0.132879 
0.137168 
0.141192 
0.144960 
0.148483 
0.151770 
0.154831 
0.157675 
0.160313 
0.162753 
0.165006 
0.167082 
0.168990 
0.170740 
0.172341 
0.173804 
0.175138 
0.176352 
0.177458 
0.178463 
0.179378 
0.180213 
0.180977 
0.181680 
0.182332 
0.182943 
0.183521 
0.184078 
0.184623 
0.185164 
0.185713 
0.186279 
0.186871 
0.187500 
0.188175 
0.188905 
0.189701 
0.190572 
0.191528 
0.192578 
0.193733 
0.195001 
0.196394 
0.197920 
0.199589 
0.201411 
0.203396 
0.205553 
0.207893 
0.210424 
0.213156 
0.216100 
0.219265 
0.222660