1
0
0.007092199
0.014184397
0.021276596
0.021276596
0.021276596
0.021276596
0.028368794
0.035460993
0.042553191
0.056737589
0.070921986
0.085106383
0.102836879
0.120567376
0.138297872
0.159574468
0.180851064
0.20212766
0.237588652
0.273049645
0.308510638
0.343971631
0.379432624
0.414893617
0.453900709
0.492907801
0.531914894
0.574468085
0.617021277
0.659574468
0.709219858
0.758865248
0.808510638
0.858156028
0.907801418
0.957446809
0.996453901
1.035460993
1.074468085
1.102836879
1.131205674
1.159574468
1.170212766
1.180851064
1.191489362