202
0.488479 0.857143 0.100000
0.479263 0.829493 0.100000
0.474654 0.806452 0.100000
0.465438 0.788018 0.100000
0.456221 0.769585 0.100000
0.451613 0.746544 0.100000
0.442396 0.728111 0.100000
0.437788 0.705069 0.100000
0.423963 0.677419 0.100000
0.410138 0.658986 0.100000
0.396313 0.645161 0.100000
0.387097 0.626728 0.100000
0.377880 0.608295 0.100000
0.373272 0.585253 0.100000
0.364055 0.562212 0.100000
0.359447 0.539171 0.100000
0.350230 0.516129 0.100000
0.331797 0.497696 0.100000
0.317972 0.479263 0.100000
0.304147 0.460829 0.100000
0.294931 0.442396 0.100000
0.290323 0.419355 0.100000
0.285714 0.396313 0.100000
0.281106 0.373272 0.100000
0.281106 0.345622 0.100000
0.285714 0.322581 0.100000
0.294931 0.299539 0.100000
0.299539 0.276498 0.100000
0.308756 0.253456 0.100000
0.317972 0.235023 0.100000
0.327189 0.211982 0.100000
0.336406 0.188940 0.100000
0.350230 0.170507 0.100000
0.368664 0.156682 0.100000
0.387097 0.147465 0.100000
0.414747 0.147465 0.100000
0.442396 0.147465 0.100000
0.474654 0.147465 0.100000
0.488479 0.133641 0.100000
0.506912 0.124424 0.100000
0.534562 0.124424 0.100000
0.562212 0.124424 0.100000
0.589862 0.124424 0.100000
0.617512 0.124424 0.100000
0.645161 0.124424 0.100000
0.672811 0.124424 0.100000
0.695853 0.129032 0.100000
0.709677 0.147465 0.100000
0.723502 0.161290 0.100000
0.737327 0.175115 0.100000
0.746544 0.193548 0.100000
0.760369 0.207373 0.100000
0.774194 0.230415 0.100000
0.783410 0.248848 0.100000
0.783410 0.276498 0.100000
0.783410 0.304147 0.100000
0.783410 0.336406 0.100000
0.792627 0.359447 0.100000
0.797235 0.382488 0.100000
0.801843 0.414747 0.100000
0.801843 0.442396 0.100000
0.788018 0.460829 0.100000
0.783410 0.483871 0.100000
0.769585 0.497696 0.100000
0.755760 0.511521 0.100000
0.751152 0.539171 0.100000
0.741935 0.557604 0.100000
0.737327 0.589862 0.100000
0.728111 0.612903 0.100000
0.705069 0.631336 0.100000
0.686636 0.658986 0.100000
0.672811 0.686636 0.100000
0.663594 0.714286 0.100000
0.645161 0.723502 0.100000
0.635945 0.741935 0.100000
0.612903 0.769585 0.100000
0.594470 0.788018 0.100000
0.585253 0.806452 0.100000
0.576037 0.824885 0.100000
0.566820 0.843318 0.100000
0.557604 0.861751 0.100000
0.543779 0.875576 0.100000
0.529954 0.894009 0.100000
0.516129 0.907834 0.100000
0.497696 0.898618 0.100000
0.327189 0.230415 0.100000
0.336406 0.211982 0.100000
0.364055 0.211982 0.100000
0.387097 0.207373 0.100000
0.414747 0.207373 0.100000
0.442396 0.202765 0.100000
0.470046 0.202765 0.100000
0.493088 0.198157 0.100000
0.520737 0.198157 0.100000
0.548387 0.198157 0.100000
0.566820 0.188940 0.100000
0.594470 0.188940 0.100000
0.622120 0.188940 0.100000
0.649770 0.188940 0.100000
0.677419 0.188940 0.100000
0.700461 0.193548 0.100000
0.714286 0.207373 0.100000
0.728111 0.221198 0.100000
0.737327 0.239631 0.100000
0.746544 0.258065 0.100000
0.755760 0.276498 0.100000
0.562212 0.193548 0.100000
0.589862 0.193548 0.100000
0.617512 0.193548 0.100000
0.645161 0.193548 0.100000
0.672811 0.188940 0.100000
0.700461 0.188940 0.100000
0.723502 0.193548 0.100000
0.741935 0.202765 0.100000
0.714286 0.202765 0.100000
0.686636 0.202765 0.100000
0.700461 0.221198 0.100000
0.718894 0.230415 0.100000
0.700461 0.221198 0.100000
0.672811 0.221198 0.100000
0.649770 0.211982 0.100000
0.626728 0.202765 0.100000
0.608295 0.188940 0.100000
0.589862 0.179724 0.100000
0.562212 0.179724 0.100000
0.534562 0.179724 0.100000
0.506912 0.179724 0.100000
0.479263 0.179724 0.100000
0.451613 0.179724 0.100000
0.423963 0.179724 0.100000
0.451613 0.179724 0.100000
0.479263 0.170507 0.100000
0.497696 0.156682 0.100000
0.516129 0.147465 0.100000
0.539171 0.142857 0.100000
0.566820 0.142857 0.100000
0.599078 0.142857 0.100000
0.626728 0.142857 0.100000
0.654378 0.142857 0.100000
0.682028 0.142857 0.100000
0.658986 0.138249 0.100000
0.635945 0.133641 0.100000
0.608295 0.129032 0.100000
0.580645 0.129032 0.100000
0.552995 0.129032 0.100000
0.525346 0.129032 0.100000
0.497696 0.129032 0.100000
0.470046 0.129032 0.100000
0.442396 0.129032 0.100000
0.419355 0.133641 0.100000
0.410138 0.152074 0.100000
0.396313 0.170507 0.100000
0.387097 0.188940 0.100000
0.373272 0.207373 0.100000
0.364055 0.230415 0.100000
0.345622 0.239631 0.100000
0.336406 0.258065 0.100000
0.456221 0.552995 0.100000
0.608295 0.571429 0.100000
0.428571 0.423963 0.100000
0.437788 0.405530 0.100000
0.442396 0.382488 0.100000
0.460829 0.373272 0.100000
0.483871 0.368664 0.100000
0.502304 0.354839 0.100000
0.529954 0.354839 0.100000
0.557604 0.354839 0.100000
0.585253 0.354839 0.100000
0.608295 0.359447 0.100000
0.622120 0.373272 0.100000
0.622120 0.400922 0.100000
0.635945 0.419355 0.100000
0.589862 0.387097 0.100000
0.428571 0.119816 0.100000
0.447005 0.110599 0.100000
0.474654 0.110599 0.100000
0.502304 0.110599 0.100000
0.534562 0.110599 0.100000
0.562212 0.110599 0.100000
0.589862 0.110599 0.100000
0.617512 0.110599 0.100000
0.645161 0.110599 0.100000
0.705069 0.156682 0.100000
0.732719 0.156682 0.100000
0.751152 0.165899 0.100000
0.755760 0.188940 0.100000
0.764977 0.207373 0.100000
0.788018 0.336406 0.100000
0.801843 0.327189 0.100000
0.792627 0.364055 0.100000
0.806452 0.377880 0.100000
0.806452 0.350230 0.100000
0.797235 0.327189 0.100000
0.788018 0.308756 0.100000
0.774194 0.294931 0.100000
0.792627 0.308756 0.100000
0.778802 0.322581 0.100000
0.764977 0.308756 0.100000
0.746544 0.299539 0.100000
0.723502 0.294931 0.100000
0.410138 0.138249 0.100000
0.396313 0.133641 0.100000
0.010000
0.000000 -10.000000
1.000000
0.900000
1
0
1
